Date,Close/Last,Open,High,Low
1/1/2022,47043.6,46709.5,47753.3,47043.6
1/2/2022,46819.5,46919.1,47292,46740.9
1/3/2022,46069.1,46825.2,46517.6,45967.2
1/4/2022,46439.5,46096.5,46536.5,45750.1
1/5/2022,42947.9,46398.9,43772.3,42615.8
1/6/2022,41628.5,43051,43127.7,41070
1/7/2022,41950.2,41656.7,42226.8,41551.3
1/8/2022,41976.8,41902.2,42168.4,41396.8
1/9/2022,42346.2,41809.4,42764.4,41260.9
1/10/2022,42191,42198.5,42377.3,41582
1/11/2022,42576.5,42325.5,42968.4,42476.7
1/12/2022,43618.7,42628.4,44039.1,43437.3
1/13/2022,42747.6,43632.1,42824.4,42380.9
1/14/2022,42878.6,42687.5,43179,42759.6
1/15/2022,43069.7,42937.5,43150,42873.1
1/16/2022,42721.7,43035.1,43179.6,42610.7
1/17/2022,42026.6,42623.5,42420.3,41931.5
1/18/2022,41705.1,42041.6,42492,41609.5
1/19/2022,41929.2,41715.7,42072.7,41658.9
1/20/2022,38853.1,41902.4,41104.6,38300.8
1/21/2022,36303.9,38809.5,36749.8,36082.4
1/22/2022,35245.4,36286.7,35516.8,34821.4
1/23/2022,35095.6,35227.4,36268.6,35095.6
1/24/2022,36013.2,35121.4,36691.3,35976.4
1/25/2022,36391.9,33701.2,36717.6,35729.3
1/26/2022,35905.8,37784.3,37067.9,35543.2
1/27/2022,37151.3,35947.3,37452.8,36662.4
1/28/2022,37844.5,37214,37977,37465.4
1/29/2022,38040.5,37834.2,38274.7,37796.4
1/30/2022,36958.5,38120.7,37923.8,36672.8
1/31/2022,38539.1,36915.8,38644.7,38189.4
2/1/2022,38467.8,38564.9,38853.8,38399.7
2/2/2022,36961.3,38469,37043.1,36773.4
2/3/2022,37334.7,36915.5,37420.8,37041.1
2/4/2022,41450.2,37301.6,41873.6,41201.1
2/5/2022,41521.7,41467.3,41641.2,41321.1
2/6/2022,42793.1,41551.6,42922.9,41695.4
2/7/2022,44287.8,42839.2,44304.4,43585.5
2/8/2022,43555.2,44370.6,44305.3,43202.1
2/9/2022,43607.8,43469.5,44398.2,43594.8
2/10/2022,43052.3,43802.1,43705.9,42643.7
2/11/2022,42275.7,43108,42480.7,42179.9
2/12/2022,42202.7,42291,42495.3,42080
2/13/2022,41909.3,42207.6,42170.6,41591.3
2/14/2022,43483.8,41967.6,43732.5,42460.1
2/15/2022,43852.7,43492.8,44552.9,43692.2
2/16/2022,43692.1,43900.1,44167.1,43376.3
2/17/2022,40652.1,43635,40928.6,40318
2/18/2022,40169.6,40693.8,40284,39940.6
2/19/2022,39622.6,40140,40120.3,39588.5
2/20/2022,39234,39533.9,39320.6,38226.8
2/21/2022,36714.9,38935.8,37421.1,36399.6
2/22/2022,37982.8,36576.5,38329.9,37598.7
2/23/2022,35078.8,37760.5,37417.3,34594.1
2/24/2022,38756.5,34912.1,38991,38167
2/25/2022,39443.6,38927.2,40094.5,39166.3
2/26/2022,38608.2,39420,39255,38230.9
2/27/2022,37827.8,38610.6,38336.3,37458.9
2/28/2022,43331.5,37818.6,43638.6,42890.9
3/1/2022,44336.6,43350,44730.7,43857.6
3/2/2022,43300.1,44252.7,44041.7,43258.7
3/3/2022,42449.2,43912.8,44077.2,41840.8
3/6/2022,37951.3,39468.9,38543.2,37597.7
3/7/2022,38487.5,37931.7,38935,37886.6
3/8/2022,41623.2,38558,41793.9,38663.3
3/9/2022,39648,41637,42029.1,39466.2
3/10/2022,38491,39543.1,39431.9,38236.4
3/11/2022,39188.2,38515.4,39289.9,38666.5
3/12/2022,39181.1,39093.5,39272.3,38733.1
3/13/2022,38109.1,39189.3,38294.7,37613.6
3/14/2022,38729.5,38172.4,39786.1,38658
3/15/2022,39177.4,38773.8,41701.6,38996.6
3/16/2022,41003.8,39160.8,41379.8,40825.1
3/17/2022,40498.2,41006.2,40935.6,40272.9
3/18/2022,41575.3,40528.3,41998.4,41529.6
3/19/2022,41988,41804.4,42301,41804
3/20/2022,40887,41961,41471,40530
3/21/2022,42263,40855,42490,40893
3/22/2022,42145,42257,42552,41930
3/23/2022,42797,42118,43284,42683
3/24/2022,43969,42738,44400,43883
3/25/2022,44380,43984,44471,44090
3/26/2022,44652,44425,44950,44511
3/27/2022,47016,44739,47561,46672
3/28/2022,47350,47060,47631,47087
3/29/2022,47475,47347,47475,46601
3/30/2022,47109,47470,47438,46980
3/31/2022,44525,47100,45652,44261
4/1/2022,46541,44597,47212,46096
4/2/2022,46201,46366,47212,45641
4/3/2022,46110,45962,46442,45772
4/4/2022,46622,46025,46788,46430
4/5/2022,45228,46654,45512,44417
4/6/2022,43297,45180,43559,42747
4/7/2022,43572,43326,43697,43304
4/8/2022,42419,43612,42468,42129
4/9/2022,42786,42391,42893,42605
4/10/2022,42079,42783,42418,41791
4/11/2022,39695,42108,39845,39293
4/12/2022,40095,39717,40267,39581
4/13/2022,41314,40071,41494,41062
4/14/2022,40155,41332,40173,39781
4/15/2022,40432,40208,40691,40414
4/16/2022,40299,40425,40432,40129
4/17/2022,40430,40424,40531,40129
4/18/2022,40710,39820,41271,40613
4/19/2022,41359,40701,41550,41235
4/20/2022,41669,41409,41780,41339
4/21/2022,40549,41711,40655,40258
4/22/2022,39441,40502,39852,39433
4/23/2022,39801,39464,39829,39421
4/24/2022,39255,39787,39505,38695
4/25/2022,40536,39254,40724,40398
4/26/2022,38379,40549,38476,37869
4/27/2022,39352,38333,39698,39164
4/28/2022,39487,39345,39919,39299
4/29/2022,38649,39512,38775,38549
4/30/2022,38005,38652,38077,37397
5/1/2022,38699,38045,38807,38387
5/2/2022,38523,38705,38603,38312
5/3/2022,38004,38500,38098,37660
5/4/2022,39727,38017,39791,39555
5/5/2022,36405,39736,36646,36155
5/6/2022,35866,36431,36051,35757
5/7/2022,34461,35813,35497,34228
5/8/2022,33582,34478,34227,33296
5/9/2022,30665.4,33557,31380.7,29831
5/10/2022,31290.5,30655.3,31661,30652.7
5/11/2022,28757.2,31204.8,30136.7,28503.5
5/12/2022,30636.3,28383.7,30713.2,28755
5/13/2022,29540.2,30567.5,29788.8,29223.9
5/14/2022,29700.5,29568.9,30226.3,29554.4
5/15/2022,30298,29722.1,31312.4,30211.2
5/16/2022,30426.4,30312.8,30488.1,29804.3
5/17/2022,29840.9,30361.1,30687.9,29802.4
5/18/2022,29202.1,29834.8,29281.8,28682.1
5/19/2022,30209.3,29180.6,30735.1,30126.2
5/20/2022,29187.4,30168.6,29328.1,28953.9
5/21/2022,29360.2,29250.2,29535.3,29360.2
5/22/2022,30149.6,29352.7,30423.7,30059.8
5/23/2022,29281,30157.8,29310.6,29069.3
5/24/2022,30162.7,29301.9,30191.9,29551
5/25/2022,29787.1,30179.2,29868.9,29518
5/26/2022,29045.8,29808.2,29377.1,28848.8
5/27/2022,28789.8,28983.3,28826.4,28537.2
5/28/2022,28939.3,28694.9,29041.2,28838.7
5/29/2022,30301.8,28901.1,30375.3,29307.2
5/30/2022,30598.9,29149.5,30833.7,29307.2
5/31/2022,31631,31689,31969.9,31627.9
6/1/2022,29716.8,31801.2,29890.9,29620.7
6/2/2022,30486.2,29814.9,30674.8,30367.7
6/3/2022,29565,30543.2,29758,29493.2
6/4/2022,29746.8,29564.4,29890.6,29684
6/5/2022,31193.9,29755.6,31222.9,29888.6
6/6/2022,29567.6,31248,31370.3,29235
6/7/2022,30095.8,29572.5,31312.1,29879
6/8/2022,30271.8,30009.4,30317.3,30070.9
6/9/2022,30159.6,30290,30325.6,29663.2
6/10/2022,29268.5,30116.2,29304.3,29046.4
6/11/2022,27622.2,29268.7,28534.8,27313.1
6/12/2022,25522.6,27573.1,26857.6,24978.3
6/13/2022,22022.8,25533.1,22771.4,20860.9
6/14/2022,21648.5,22099.2,22254.6,21545.8
6/15/2022,22213,21448,22942.1,22187.8
6/16/2022,20395.9,22205.1,21017.6,20244.1
6/17/2022,20420.4,20375,20744.7,20311
6/18/2022,18462.4,20429.8,19169.5,18230.1
6/19/2022,20078.6,18276.9,20607.1,19658.8
6/20/2022,20637.4,19990.2,20764.8,20371.7
6/21/2022,20277.3,20611.9,20720.2,20276.2
6/22/2022,20259.8,20312.8,20578.7,19907.5
6/23/2022,21069.2,20210.3,21316,20982.2
6/24/2022,21320.3,21068.9,21373.2,21132.7
6/25/2022,21419.2,21296.1,21531.1,21293.8
6/26/2022,21132.9,21425.2,21178.6,20937.3
6/27/2022,20718.4,21173.9,20862.8,20538
6/28/2022,20240.5,20731.9,20384.2,20180.5
6/29/2022,20064.8,20291,20155.1,19955.1
6/30/2022,19854.4,20072.4,20785.6,19668.6
7/1/2022,19103.7,19733.7,19369.2,19067.7
7/2/2022,19273.8,19119.1,19297.3,19172.6
7/3/2022,19078,19235.2,19342.5,18794.4
7/5/2022,19948,20301.9,20360.7,19785.3
7/6/2022,20460.6,19942,20584.2,20390.7
7/7/2022,22102,20473.8,22482.1,21580.9
7/8/2022,21603.8,22121.5,21681.3,21440.2
7/9/2022,21298.5,21608.9,21599.2,21190.7
7/10/2022,20615.7,21297.3,20855,20467.6
7/11/2022,19924.2,20547.9,19993.7,19794.8
7/12/2022,19475.1,19941.1,19544.6,19267.3
7/13/2022,20221.4,19468.9,20405.5,20187.9
7/14/2022,20547.4,20224.6,20811.3,20393.4
7/15/2022,20757.6,20614,20857.4,20617.4
7/16/2022,21344.5,20744.5,21445.1,21091.8
7/17/2022,21265.2,21324.6,21360.8,20770.6
7/18/2022,21835.6,21296.7,22910.2,21835.6
7/19/2022,23430.7,21891.7,23502,22965.9
7/20/2022,22841.5,23434.3,23403.8,22680.9
7/21/2022,22910.9,22774.2,23344.4,22873.6
7/22/2022,22883.4,22912.3,22896,22591.3
7/23/2022,22333.2,22838.2,22664.6,22311
7/24/2022,21802.8,22332,22653.3,21802.7
7/25/2022,21143.6,21863.6,21322.3,20916.6
7/26/2022,21068.7,21144.8,21279.8,21047.5
7/27/2022,23139.2,21074.1,23418.2,22714.1
7/28/2022,23924,23120.7,23938.7,23711.8
7/29/2022,23813.7,23918.9,23956.5,23698
7/30/2022,23706.7,23801.6,23864.6,23548.9
7/31/2022,23361,23741.9,23459.1,23265.9
8/1/2022,22876.7,23375.4,23412.7,22790.9
8/2/2022,22852.4,22853.6,23060,22698.6
8/3/2022,23069.8,22842.6,23214.5,22794.4
8/4/2022,23158.2,23073.1,23188.4,22593.5
8/5/2022,23202.8,23050.6,23344.4,23167
8/6/2022,22999.6,23266.8,23048,22852.3
8/7/2022,23307,22990.5,23339.8,23160.6
8/8/2022,23813.3,23305.4,23866.2,23636.4
8/9/2022,22876.6,23833.5,23150.5,22714.7
8/10/2022,24353.8,22913.8,24481.3,23923.3
8/11/2022,23997.1,24268.1,24090,23765.2
8/12/2022,24744.9,24008.3,24787.5,24337.5
8/13/2022,24589.3,24666.5,24623.4,24352.9
8/14/2022,24832.1,24602.8,25205.7,24193.8
8/15/2022,24101.5,24920.6,24240.8,23858.9
8/16/2022,24018.2,24045.7,24077,23834.6
8/17/2022,23447.6,23988.2,23512.3,23297.7
8/18/2022,22783.2,23457.8,23202.3,22718.2
8/19/2022,21135.4,22814,21170.7,20813.5
8/20/2022,21186.6,21146.8,21322.4,21126.1
8/21/2022,21380.6,21250.8,21489.9,21077.4
8/22/2022,21285.7,21419,21458.2,21271.2
8/23/2022,21239.8,21229.7,21551.1,21171.1
8/24/2022,21468.2,21259.4,21632.5,21324.7
8/25/2022,21521.6,21328.8,21632.5,21324.7
8/26/2022,20238.9,21554.4,20343.6,20144.7
8/27/2022,19999.1,20206.8,20134.1,19927.8
8/28/2022,19844.7,19996.6,19931.4,19551.2
8/29/2022,20257.7,19858,20295.6,20120.9
8/30/2022,20389.3,20267.9,20435.5,19793.4
8/31/2022,20007.8,20408,20202.7,19931
9/1/2022,20183.9,20015.8,20232.5,19960.6
9/2/2022,19902.8,20166.2,20043.8,19875.9
9/3/2022,19761.7,19897.1,19855.4,19756.7
9/4/2022,19896.2,19773.4,20042.9,19818.6
9/5/2022,19761.9,19882.5,20169.3,19687.4
9/6/2022,18722.1,19781.8,18866.7,18548.4
9/7/2022,19228.4,18739.4,19376.6,19169.6
9/8/2022,19838.5,19218.9,19851.9,19294.1
9/9/2022,21317.8,19925.2,21380.7,21170.4
9/10/2022,21518.5,21311.9,21679.6,21472.3
9/11/2022,21612.1,21545.9,22296.4,21581.6
9/12/2022,22218.7,21654,22431.3,22072.6
9/13/2022,20351.8,22231.6,20503.7,20069
9/14/2022,20025.5,20320,20265.5,19942.8
9/15/2022,19737.5,20029.4,19799.3,19602.3
9/16/2022,19893.1,19745,20055.8,19774.2
9/17/2022,19956.2,19879.5,20113.7,19956
9/18/2022,18806.8,19995,19508.5,18712.8
9/19/2022,19356.8,18772.6,19626.3,19183.9
9/20/2022,19013.7,19364.8,19052,18843.9
9/21/2022,18703.8,19023.7,18772.4,18371
9/22/2022,19408.3,18686.6,19463.5,19236.3
9/23/2022,19098.5,19384.8,19310.6,19048.2
9/24/2022,19042.9,19122.8,19051.2,18914.3
9/25/2022,18866.5,19053.1,18943.1,18735
9/26/2022,20119.9,18875.4,20287.3,19194.5
9/27/2022,18692,20103.3,19232.3,18505.3
9/28/2022,19528.7,18742.2,19587.8,19316
9/29/2022,19343.9,19504.2,19688.5,19325
9/30/2022,19402.5,19397.2,19480.3,19362.2
10/1/2022,19309.4,19414.5,19342.5,19250.1
10/2/2022,19179.2,19310.5,19251,19001.3
10/3/2022,19581.2,19163.9,19709.8,19506.4
10/4/2022,20199.9,19598.4,20353.8,20163.4
10/5/2022,20331.7,20188.3,20436.7,20145.4
10/6/2022,19998.9,20361.4,20051.4,19947.8
10/7/2022,19539.7,19981.9,19612.2,19516.8
10/8/2022,19344.1,19507.2,19450,19334.3
10/9/2022,19448.4,19373.4,19520.7,19408.9
10/10/2022,19049.5,19451.1,19134.6,18962.7
10/11/2022,19052.6,19044.3,19127.3,19031.3
10/12/2022,19099.7,19048.9,19168.4,19039.9
10/13/2022,19825.5,19087.6,19933.9,19342.4
10/14/2022,19209.2,19815.7,19218.7,19138.3
10/15/2022,19123.9,19194.3,19162.6,19066
10/16/2022,19197.8,19110.6,19307.2,19164.7
10/17/2022,19555.5,19204.7,19617.2,19487.5
10/18/2022,19291.4,19491.7,19692.9,19102.8
10/19/2022,19039.8,19291.5,19163,18935.6
10/20/2022,19054.3,19052.1,19122.9,19003.9
10/21/2022,19135.2,19049.9,19178.7,19116.1
10/22/2022,19198,19155.3,19218.6,19168.6
10/23/2022,19393,19198.6,19588.6,19350.1
10/24/2022,19343.9,19391.2,19359.3,19251
10/25/2022,20269.4,19341.4,20299.1,20062.9
10/26/2022,20742.9,20252.9,20836,20646.2
10/27/2022,20259.2,20745.4,20326.8,20201.6
10/28/2022,20749.1,20295,20802.4,20561.9
10/29/2022,20777,20755.3,20836.9,20706.3
10/30/2022,20515.2,20772.9,20670,20438.4
10/31/2022,20487,20519.1,20581.7,20450.3
11/1/2022,20535.6,20490.2,20548.5,20416.4
11/2/2022,20310.6,20520.6,20337.1,20123.5
11/3/2022,20319.9,20307.3,20324.3,20184.6
11/4/2022,21404.1,20325.8,21464.7,21084.1
11/5/2022,21242.5,21445.3,21360.4,21206.8
11/6/2022,20887,21229.2,21055.4,20827.7
11/7/2022,19676.9,20889.6,20667.5,19576
11/8/2022,18234.1,19667.3,18583.8,18007.4
11/9/2022,16396.8,18244.6,16523.8,15799.3
11/10/2022,17046.5,16492.6,17679.4,16897.9
11/11/2022,16789.3,17070.6,17100.8,16779.4
11/12/2022,16881.3,16756,16946.5,16779.3
11/13/2022,15943.1,16860.1,16394.7,15898.6
11/14/2022,16767.9,15989.4,16880.2,16543.9
11/15/2022,16916.5,16768.5,16993.4,16775.2
11/16/2022,16533.1,16882.7,16993.4,16408.2
11/17/2022,16691.2,16549.5,16739.7,16425.8
11/18/2022,16633.8,16691.2,16846.3,16553
11/20/2022,16711.8,16638.3,16749.3,16670.4
11/21/2022,15836.8,16147.7,15937.1,15751.7
11/22/2022,16508.8,15817.8,16576.3,16162.3
11/23/2022,16695.9,16501.4,16785.6,16539.9
11/24/2022,16399.2,16697.2,16611.8,16399.2
11/25/2022,16627.1,16385.8,16686.3,16511.2
11/26/2022,16556.4,16628.4,16595.4,16450.1
11/27/2022,16194.2,16526.7,16481.4,16060.8
11/28/2022,16462.9,16208.1,16471.2,16100.1
11/29/2022,16847,16283.4,17061.1,16433.2
11/30/2022,17140.9,16865.4,17222.6,17099.8
12/1/2022,16923.6,17147.5,17039.7,16867.6
12/2/2022,17013.2,16901.4,17132.6,17012.9
12/3/2022,17014,16934.5,17132.6,17010.8
12/4/2022,17255,17005.6,17306.3,17080.9
12/5/2022,17010.7,17374.9,17097.4,16966.3
12/6/2022,17020.4,16999.6,17126.7,17015.1
12/7/2022,16823,17040.1,16881.5,16789
12/8/2022,17193.2,16823.7,17288.6,17192.9
12/9/2022,17156.1,17201.5,17164.2,17121.3
12/10/2022,17170.7,17154,17174.4,17123.3
12/11/2022,16927.6,17153.9,17093.2,16878.5
12/12/2022,17163.6,16917.9,17234.4,17123.4
12/13/2022,17762.1,17151.3,17834.3,17753.2
12/14/2022,17693.6,17783.1,17846.1,17600
12/15/2022,17403,17726.9,17427.3,17351.8
12/16/2022,16715.5,17425.8,16723.2,16587
12/17/2022,16764.3,16706.3,16797.3,16709.1
12/18/2022,16728.7,16763,16809.5,16642
12/19/2022,16790.3,16711.7,16849.4,16400.7
12/20/2022,16810.9,16804,16919.4,16798.1
12/21/2022,16849.6,16794.4,16858.3,16811.2
12/22/2022,16830,16836.4,16889,16774.1
12/23/2022,16830.6,16839,16845.8,16777.8
12/24/2022,16819.6,16828.6,16850.8,16816.2
12/25/2022,16876.3,16826.1,16914.2,16822
12/26/2022,16884.8,16877.2,16964,16844.9
12/27/2022,16661.8,16891.7,16737.1,16585.7
12/28/2022,16571.1,16661.1,16584.8,16496.6
12/29/2022,16607.5,16568.5,16644.4,16585
12/30/2022,16544.8,16611.4,16613.6,16543.1
12/31/2022,16520.3,16550.1,16557.2,16510.8
1/1/2023,16638.3,16517.6,16699.7,16551
1/2/2023,16685.2,16634.2,16704.7,16652.1
1/3/2023,16875,16684.9,16890.9,16656.5
1/4/2023,16836.8,16861.3,16875.1,16813.6
1/5/2023,16818.3,16837.1,16871.2,16804.9
1/6/2023,16942.6,16822.1,16979.6,16932.3
1/7/2023,16936.1,16937.9,16953.7,16913.8
1/8/2023,17234.3,16935.2,17244.2,17107.1
1/9/2023,17216.1,17226.3,17232.6,17151.7
1/10/2023,17410.7,17218,17499.1,17371.1
1/11/2023,18220.2,17414,18298.8,17915.5
1/12/2023,18853.9,18217.3,18882.8,18723.8
1/13/2023,20913.7,18833.1,21185.6,19898.6
1/14/2023,20686.5,20894,20996,20590.4
1/15/2023,21147.6,20698.8,21414.7,20802.1
1/16/2023,21157.3,21151.8,21289.6,20926.2
1/17/2023,21286.3,21157.2,21371.2,21136.4
1/18/2023,20813.9,21273.2,20858,20669.7
1/19/2023,21053,20809.3,21181,21018.6
1/20/2023,22614.6,20992.6,22724.8,22461.1
1/21/2023,22840.4,22596.9,22959.7,22634.3
1/22/2023,22744,22756.9,22802,22663.8
1/23/2023,23087.1,22669.9,23139.2,22878.9
1/24/2023,22652.7,23073.6,22714.2,22366.3
1/25/2023,23174.5,22646.9,23259.5,23055.2
1/26/2023,22819.3,23124.4,23072.1,22602.9
1/27/2023,23096.9,22774.4,23182.3,23048
1/28/2023,23127.8,23093.1,23456.4,22973.3
1/29/2023,23338.2,22977.3,23533.5,22973.3
1/30/2023,22842.7,23715.6,22900.6,22724.9
1/31/2023,23128.5,22859.2,23171.7,23031.9
2/1/2023,23905.7,23136.1,24207.2,23694.4
2/2/2023,23525.8,23881.7,23581.9,23418
2/3/2023,23334.3,23513.8,23461.2,23317.5
2/4/2023,23360.1,23337.1,23370,23253.9
2/5/2023,23385.6,23343.1,23423.4,23253.9
2/6/2023,22872.6,22872.7,22922,22748.2
2/7/2023,23246.1,22881.9,23425.1,23233
2/8/2023,22574.3,23248.5,23003.6,22425.6
2/9/2023,21801.7,22566.2,21933.6,21722.6
2/10/2023,21682.7,21795.5,21714.6,21605.3
2/11/2023,21767.7,21688,21879.4,21764.5
2/12/2023,21831.9,21781.3,21856.7,21656.9
2/13/2023,21716,21834.9,21808.1,21681.3
2/14/2023,22111.1,21706.7,22198.5,22050.8
2/15/2023,22112,21696.7,22198.5,22050.8
2/16/2023,23765.6,24643.9,23883.3,23373
2/17/2023,24635.8,23806.8,24772.4,24531.4
2/18/2023,24690.9,24628.5,24765.3,24623.6
2/19/2023,24461.5,24714.4,24534.8,23868.6
2/20/2023,24877.8,24478.3,25081.2,24785.1
2/21/2023,24137.2,24902.1,24474.3,23894.7
2/22/2023,24455.8,24153.4,24590.4,24127.6
2/23/2023,23980,24518.1,24123.4,23893.8
2/24/2023,23107.5,23948.2,23215.3,23051
2/25/2023,23172,23124.5,23249.6,23066
2/26/2023,23474.6,23187.7,23634.3,23440.9
2/27/2023,23408.4,23491.5,23543.6,23360.2
2/28/2023,23801.1,23414.8,23801.1,23025.3
3/1/2023,23515.4,23797.2,23780.5,23435.5
3/2/2023,22352.6,23538.6,23473.4,22051.9
3/3/2023,22328.5,22378.5,22390.3,22326.3
3/4/2023,22439.3,22340.6,22636.7,22213.5
3/5/2023,22344.1,22449.4,22494.8,22320.2
3/6/2023,22464.8,22343.3,22535.1,22384
3/7/2023,22128.8,22478,22274.3,22092.8
3/8/2023,21737.3,22144.6,21802.3,21682.8
3/9/2023,19904.6,21738.1,20362,19813.7
3/10/2023,20345.9,19879.5,20669.5,20142.8
3/11/2023,20391.8,20347.7,20507.2,20325.3
3/12/2023,22234.7,20384,22542.5,21904.3
3/13/2023,24361.2,22193.1,24453.5,23994.6
3/14/2023,24727.5,24281.1,25040.3,24331.5
3/15/2023,24249,24838.3,24432,24147.9
3/16/2023,25681.5,24370.8,25884.1,24900.1
3/17/2023,27332.1,25602.5,27659.1,27132.6
3/18/2023,27172.8,27297,27185.8,26914
3/19/2023,27191.3,27110,28050.6,27170.5
3/20/2023,27762.7,27269.6,27930.6,27679.9
3/21/2023,28174.3,27788,28246.4,27960.7
3/22/2023,27367.1,28167.3,27431.5,27144.6
3/23/2023,28229.5,27343.1,28374.5,28152.6
3/24/2023,27575,28195.1,27665.1,27432.2
3/25/2023,27515.1,27612.8,27638,27429.1
3/26/2023,27914.5,27529.7,28023.3,27795.3
3/27/2023,26976.7,27900.5,27170.1,26847.8
3/28/2023,27351.2,26975,27456.7,27249.8
3/29/2023,28541.6,27369,29160.4,28181.2
3/30/2023,28169.1,28477,28353.3,27927.5
3/31/2023,28562,28172.9,28795.1,28415.7
4/1/2023,28466.3,28473.7,28795.1,28285.6
4/2/2023,27762.7,28476.1,28194.7,27608.9
4/3/2023,27878.4,27756.5,27945.8,27668.9
4/4/2023,28525.8,27860.6,28744.4,28100.8
4/5/2023,28074,28547.3,28173.5,27903
4/6/2023,28044.7,28136.1,28102.5,27936.5
4/7/2023,28013.4,28042.7,28048.9,27863.8
4/8/2023,28044.8,28027.6,28086.2,27932.6
4/9/2023,28285.6,28034.8,28422.1,28264.7
4/10/2023,30081.8,28280.7,30375.1,29597.8
4/11/2023,29921.3,30112.9,30327.6,29851.1
4/12/2023,30068.5,29931.1,30153.7,29864.5
4/13/2023,30706.5,30079.6,30836.8,30327.6
4/14/2023,30390,30695.1,30586.5,30302.3
4/15/2023,30260.9,30379.1,30322.9,30134.6
4/16/2023,29983.4,30254.2,30312.2,29786.1
4/17/2023,29477.7,29984.1,29490,29149.2
4/18/2023,30207.2,29450.7,30408.4,30153.3
4/19/2023,28846.4,30212.8,28992.9,28606
4/20/2023,28304.8,28848.1,28353.4,28109.2
4/21/2023,27334,28245.8,27336.9,27165.7
4/22/2023,27556.2,27234.7,27815,27492.1
4/23/2023,27746.2,27601.1,27978.8,27434
4/24/2023,27344.5,27734.5,27576.2,27332.7
4/25/2023,28336.5,27390.1,28460.3,28258.5
4/26/2023,29030,28311.6,29414,28392.4
4/27/2023,29405,28875,29587.1,29334.2
4/28/2023,29367.8,29420.1,29400.8,29217.4
4/29/2023,29193.7,29367.6,29235.1,29095
4/30/2023,28560.9,29179.8,29329.6,28432.6
5/1/2023,28020.7,28563.2,28142.7,27928.2
5/2/2023,28536.4,28040.2,28682.7,28370.3
5/3/2023,29027.6,28525.8,29187,28956
5/4/2023,29179.9,29100.2,29490.5,28825.3
5/5/2023,29357.6,29197.3,29816.4,29353.1
5/6/2023,28811.3,29357.3,29122,28754.8
5/7/2023,28184,28806.3,28627.8,28056.2
5/8/2023,27592.7,28203.9,27745.6,27552.9
5/9/2023,27692.2,27639.5,27808.4,27627.2
5/10/2023,27451.8,27691,27607.4,27402.7
5/11/2023,26615,27445,27044,26559.2
5/12/2023,26823.7,26636.6,26974,26695.6
5/13/2023,26845.8,26783.5,26850.6,26609.9
5/14/2023,27232.4,26868,27284.3,26752.1
5/15/2023,27115.5,27168.1,27295.3,26881.9
5/16/2023,27102.3,27083,27215.1,26984.1
5/17/2023,27358.6,27073.2,27467,27296.5
5/18/2023,26839.2,27352.9,26914.8,26751.2
5/19/2023,26867.4,26802.9,26899.3,26831.3
5/20/2023,27193,26867.7,27257.1,27066.5
5/21/2023,26650.7,27178.1,26780.7,26546.1
5/22/2023,27381.4,26645.8,27414.3,26804.1
5/23/2023,26759.1,27371.1,27220.7,26686.4
5/24/2023,26192.6,26785.5,26381.8,25892.5
5/25/2023,26438,26186.9,26534.7,26384.4
5/26/2023,26765.4,26436.6,26775.2,26639
5/27/2023,27161.9,26754.6,27172.4,26788.5
5/28/2023,28060.6,27188.4,28431.2,28057.8
5/29/2023,27830.7,27972.8,27925.7,27605.5
5/30/2023,27689.8,27835.5,27825,27606.6
5/31/2023,26777.9,27658.3,27340.9,26662.3
6/1/2023,26943.2,26781.7,26980,26541.3
6/2/2023,27141.6,27007.5,27246,27114
6/3/2023,27062.6,27146.2,27096.7,26956.1
6/4/2023,26859.9,27062.3,27125.5,26817.4
6/5/2023,25729.8,26845.4,25791,25611.1
6/6/2023,26892.5,25733,27342,26730.6
6/7/2023,26298.4,26909.2,26470.6,26231.3
6/8/2023,26495.3,26341.5,26592,26326.7
6/9/2023,26336.1,26490.7,26525.1,26298.9
6/10/2023,25742.6,26329.8,25862.3,25728.2
6/11/2023,25796.6,25730.4,26006,25635
6/12/2023,26083.8,25795,26138.6,25824
6/13/2023,25982.2,26058.4,26051.2,25914.1
6/14/2023,25083.1,25987,25205.7,25040.9
6/15/2023,25564.2,25061.9,25591.9,25451.4
6/16/2023,26262.8,25559.3,26362.7,26183.5
6/17/2023,26539.8,26258.4,26543,26410.5
6/18/2023,26411.3,26546.1,26465.9,26295.1
6/19/2023,26915.9,26391.3,27152.7,26798.7
6/20/2023,28724.6,26893.1,28985.5,28270.5
6/21/2023,30299.3,28710.4,30497.8,29899
6/22/2023,30013.6,30296.3,30046.6,29822.6
6/23/2023,30742.5,30010.7,30793.8,30434.3
6/24/2023,30768,30749.2,30768,30474.1
6/25/2023,30285.5,30752.1,30543.1,30012.8
6/26/2023,30370.1,30299.5,30485.7,30231.3
6/27/2023,30460.8,30371.6,30703.4,30362.5
6/28/2023,30151.9,30453.5,30243.8,30051.3
6/29/2023,30722.2,30175.2,30858.1,30354.6
6/30/2023,30393.8,30664,30530.6,30377.6
7/1/2023,30505,30424.4,30650.1,30481.5
7/2/2023,30779.8,30544.1,30790.4,30594.4
7/3/2023,31241.8,30756.8,31326.5,31101.8
7/4/2023,30849.8,31262.2,30861.7,30756.3
7/5/2023,30502.8,30834,30559,30353.6
7/6/2023,30114,30499.9,30161,29757.4
7/7/2023,30281,30138.6,30379.9,30262.4
7/8/2023,30312.4,30277.1,30404.7,30252.1
7/9/2023,30179.2,30289.6,30242.4,29969.1
7/10/2023,30466.5,30158,30598.5,30367.8
7/11/2023,30595.4,30482.5,30654.3,30500.2
7/12/2023,30285.9,30591.4,30434.4,30279.7
7/13/2023,31425.4,30298.2,31602.6,31343.2
7/14/2023,30323.5,31462.5,30395.4,30246.9
7/15/2023,30225.8,30297.1,30333.9,30075.4
7/16/2023,30306.6,30192,30335.9,30197.2
7/17/2023,30087.2,30314.2,30242.4,30084.6
7/18/2023,30070.6,30077.7,30077.8,29842.3
7/19/2023,29943.2,30059.5,30044.8,29895.8
7/20/2023,29910.6,29950,29945.5,29741.7
7/21/2023,29926,29898.5,29986.8,29901.6
7/22/2023,29854.3,29908.6,29893.7,29735.7
7/23/2023,29699,29847.4,30098.2,29678.2
7/24/2023,29116.7,29717.3,29184.1,29058.7
7/25/2023,29250.5,29107.9,29394.4,29109.7
7/26/2023,29436.8,29243.8,29450.3,29307.9
7/27/2023,29215.2,29405.9,29294.4,29188.6
7/28/2023,29371.9,29252.4,29394.2,29299
7/29/2023,29382.4,29258.9,29400.1,29299
7/30/2023,29437.3,29316.3,29502.3,29264.9
7/31/2023,28847.9,29418.7,29343.1,28834.5
8/1/2023,29671.7,28835.3,30025.9,29660.5
8/2/2023,29155.2,29627.2,29266.1,29127.1
8/3/2023,29142.2,29174.8,29241.8,29109.1
8/4/2023,29085.5,29155.9,29139.3,29061.5
8/5/2023,29056.4,29082.7,29074.8,29032.3
8/6/2023,29152.3,29058.7,29215.2,29011.8
8/7/2023,29199.3,29154.2,29253.3,29137.7
8/8/2023,29706.4,29189.1,29882,29666
8/9/2023,29579.8,29713.4,29653.6,29562.4
8/10/2023,29476.1,29610.8,29489.8,29443.4
3/7/2024,67072.9,65862.1,67270.9,66787.8
3/8/2024,68289.5,67152.1,68343.7,67923.9
3/9/2024,69484.5,68298.6,69676.4,68250.3
3/10/2024,68506.2,69169.7,68966.1,67452.8
3/11/2024,71670.1,68600.2,72467.1,71519.9
3/12/2024,72074.4,71606.2,72193.5,71338.4
3/13/2024,73237.7,72034.3,73285.3,72530.5
3/14/2024,68937.1,73257.1,72398.1,67110.1
3/15/2024,68361.4,73589.3,72398.1,67105.8
3/19/2024,62394,65860.5,63397.2,61859.5
3/20/2024,66467.4,61826.5,68161.7,66463.6
3/21/2024,65947.2,66746.4,66133.9,65151.8
3/22/2024,63389,65968.6,64324.3,63074.9
3/23/2024,64118.4,63570.4,64684,63938.1
3/24/2024,66979.5,63980.1,67288.3,66395
3/25/2024,70508.4,67322.5,70603.1,69754.8
3/26/2024,70443.3,70438.6,70714.1,69839.3
3/27/2024,69240.4,70382.1,69913.7,68956.9
3/28/2024,70447.1,69302.4,70907,70315.6
3/29/2024,69820,70446.8,70158.9,69736.1
3/30/2024,69926.6,69781,70143.2,69576.6
3/31/2024,70615.8,69918.6,71329.3,70543.6
4/1/2024,69828.9,71332,71329.3,68175.9
4/2/2024,66135.4,66712.8,66135.4,64559
4/3/2024,65674,66227.2,66349,65541
4/4/2024,67649.3,65749,68692.2,67472.8
4/5/2024,67740.6,67872.1,68053.3,67467.2
4/6/2024,69409.1,67797.7,69739.7,68849.4
4/7/2024,69393,69419.5,69788.6,69110.5
4/8/2024,71262.2,69451.6,71737.2,70902.3
4/9/2024,68721.1,71723.5,71737.2,68615
4/10/2024,69202.6,69231.1,69574.9,67570
4/11/2024,70856.7,70851.6,70972.9,70005.4
4/12/2024,66980.3,70985,67133,65784.7
4/13/2024,63152.3,66528.9,64307.9,62174.7
4/14/2024,65253.9,63085.6,65875.2,64983.4
4/15/2024,62919.1,65158.6,63890,62802.5
4/16/2024,63778.5,63401.8,64289.5,63608.5
4/17/2024,61995.9,63844.6,62171.5,60970.8
4/18/2024,61830.2,61657,63480.5,59693.3
4/19/2024,63899.8,61787.5,64139.3,63131.7
4/20/2024,64674.8,64377,65375.6,63131.7
4/21/2024,66003.1,65190.7,66018.1,64527.5
4/22/2024,66515.8,65711.6,67180,66499.9
4/23/2024,66615.3,66450,66882.6,66396.6
4/24/2024,64341.2,66597.6,64728.3,63901.7
4/25/2024,64366.3,64281,64635,63927.7
4/26/2024,63127.6,64370.4,63916.7,62507.7
4/27/2024,64057.3,63081.4,64346.1,63457.9
4/28/2024,62655,64016.8,63331.8,62469.7
4/29/2024,63650.4,62249.1,64700.2,63142.8
4/30/2024,60222.8,63646.4,60827.5,59590.2
5/1/2024,57526.5,60241.3,58560.2,56989.8
5/2/2024,57921.5,57131.4,58560.2,56989.8
5/3/2024,62703.2,59727.3,63515.4,62599.1
5/4/2024,63203.2,62710.5,64143.8,62923.9
5/5/2024,63816.5,63238,64459.5,63722
5/6/2024,63238.4,63875.3,63955.5,62918.3
5/7/2024,62945.3,63239.5,62950,62166.2
5/8/2024,61717.8,62895.6,61773.6,61152
5/9/2024,62864.3,61678.5,63090.7,62669.2
5/10/2024,60745.9,62916.1,61076.9,60673.4
5/11/2024,60905.6,60723.8,61101.1,60806.6
5/12/2024,61071.9,60929.7,61790,60779
5/13/2024,62403.7,61172.3,63102.6,62386.1
5/14/2024,61915.9,62479.7,62018,61357.5
5/15/2024,66032.2,61945.6,66643.9,65817
5/16/2024,65646.9,65984.6,65834.2,65121.7
5/17/2024,66930.2,65595.8,67048.7,66752.3
5/18/2024,67151.9,66951.7,67284.6,66843.6
5/19/2024,66680.9,67169.1,66755.5,66076.5
5/20/2024,71369.6,66676,71872,70754.4
5/21/2024,69917.4,71272.9,70343.9,69829.5
5/22/2024,69337,69952.2,69594.4,69166.3
5/23/2024,67910.7,69436.6,68002,67635.1
5/24/2024,68759.5,67876.9,68889.9,68516.1
5/25/2024,69124.7,68754.3,69310.6,68849.1
5/26/2024,68839.7,69073.2,69283.6,68480.4
5/27/2024,67914.3,68872.3,69560.7,67795.6
5/28/2024,67796,68392.8,69560.7,67496.1
5/29/2024,68144.4,68670.2,68183,67462.6
5/30/2024,68611.5,68093.5,68705.8,68292.7
5/31/2024,67715.5,68535.6,67746.5,67449.6
6/1/2024,67796.6,67715,67893.3,67641.1
6/2/2024,68441.3,67712.6,68778.1,67616.8
6/3/2024,69154.6,68408.1,69361.6,68707.9
6/4/2024,70873.9,69136.7,71224.5,70433.2
6/5/2024,71053.7,70838.6,71237.8,70910.1
6/6/2024,70979.2,71053.3,70998,70668
6/7/2024,69485.6,70990.7,69514.7,69295.1
6/8/2024,69275,69439.3,69337.4,69136.7
6/9/2024,69611.8,69259.7,69798.1,69426
6/10/2024,68320.5,69612.3,69573.3,67969.3
6/11/2024,67389.8,68456.9,67577.8,66911.5
6/12/2024,67322.9,67403.4,68384.6,67014.5
6/13/2024,66738.9,67455.8,67018,66495.9
6/14/2024,66235,66736.2,66274.7,65976.2
6/15/2024,66039.1,65735.1,66446.4,65895.1
6/16/2024,66290.6,66139.5,66893,66243.9
6/17/2024,65502.2,66231.8,66571.2,64589.4
6/18/2024,65430.8,65483.4,65561.2,64843.9
6/19/2024,65294.2,65464.7,65706.4,64843.9
6/20/2024,64696.4,65179,65054.9,64638.5
6/21/2024,64275.7,64512.9,64335.6,63944
6/22/2024,64460.6,64319.4,64518.9,64261
6/23/2024,62914.2,64420,63357.1,62732.8
6/24/2024,61376.3,62857.1,61585.5,60262.2
6/25/2024,61963.8,61299.1,62469.4,61652.7
6/26/2024,61028.5,61934.9,61206.4,60786.4
6/27/2024,61805.1,61006.2,62175.4,61478
6/28/2024,60745,61814.6,60979.2,60382.8
6/29/2024,60917.5,60738.1,61061.8,60757.7
6/30/2024,63434,60888.4,63786.8,62583.4
7/1/2024,63111.8,63426.4,63257,62794
7/2/2024,60947.2,63118.8,62263.6,60756.9
7/3/2024,59045.5,60957.5,60463,58055.4
7/4/2024,55337.8,59102.9,57471.1,55109
7/5/2024,56399.9,55226.5,56975.7,56198
7/6/2024,57860.7,56592.1,58258.7,57860
7/7/2024,55155.5,57969.3,56017,54320
7/8/2024,57200.8,55174.9,57299.2,56306.3
7/9/2024,58151,57167.8,58152.7,57376.9
7/10/2024,57454.5,58181.8,58350.3,57095
7/11/2024,56919.7,57566.6,57563.2,56575.7
7/12/2024,57861.7,56918,57976.9,57770.6
7/13/2024,59388.6,57813.8,59837.8,59207.9
7/14/2024,62704.3,59483.5,62745.4,60678.8
7/15/2024,64773.5,62653.1,64953.4,64457.3
7/16/2024,65758,64762.8,66051.5,64975.5
7/17/2024,64919.9,65621.9,65040.1,63923.3
7/18/2024,64290.3,64700.2,64365,63326.1
7/19/2024,66670.6,63814.4,66825.6,66257.4
7/20/2024,67192.6,66583.4,67395.4,66977
7/21/2024,67923.6,67292.3,68468.9,67787.9
7/22/2024,67486.8,67051.3,68468.9,67484.7
7/23/2024,66054.5,67649.9,66105.3,65481.1
7/24/2024,63991.8,66054.4,65615.9,63914.4
7/25/2024,67092,64113.7,67438.5,65764.3
7/26/2024,67792.4,67049.9,68080.2,67647
7/27/2024,68039.2,67802,68279,67392.9
7/28/2024,69349.9,67945.1,69762,68178.7
7/29/2024,66545.2,69350.6,66868.2,65896.9
7/30/2024,66047,66609.6,66395.5,65912.2
7/31/2024,64036.6,66070.9,64827.6,63763.1
8/1/2024,64471.7,63941.2,65567.1,63697.1
8/2/2024,61813.9,64598.8,61847.5,60532.9
8/3/2024,60379.5,61989,62184.2,59914.6
8/4/2024,54162.3,60731.1,58291.4,52659.8
8/5/2024,55701.4,53942.4,56228.6,53998.2
8/6/2024,56789.1,55682.9,57260.5,55641.3
8/7/2024,57209.1,56883.1,57635.7,54786.9
8/8/2024,61285.7,57079.9,61712.3,60818.5
8/9/2024,60507.3,61365.8,61344.5,60322.5
8/10/2024,61116.2,60441.2,61361.6,60902.1
8/11/2024,58554.6,61097.5,59072.8,58283.4
8/12/2024,58960.6,58511.4,59908.7,58890
8/13/2024,61064.2,59030.1,61268.5,60437.2
8/14/2024,58475.9,60966,59047.2,58076.7
8/15/2024,57900.2,58443.1,58374.2,57129.1
8/16/2024,59041.2,57892.4,59387.4,58825.5
8/17/2024,59515.1,59154.9,60210.3,59395.3
8/18/2024,58731.8,59340.4,58760.8,58274.7
8/19/2024,60587.7,58743.2,60878.5,59382.1
8/20/2024,59233.1,60604.6,59512.4,58831.1
8/21/2024,60445.6,59299.9,61213.1,59815.8
8/22/2024,60581.8,60552.2,60922.2,60354.4
8/23/2024,63817.1,60597,64178,63643.2
8/24/2024,64210.3,63635.4,64458.9,63643.2
8/25/2024,64095.5,64108.3,64472.5,63812.9
8/26/2024,62960,64118.4,63201.4,62671
8/27/2024,59309.4,62920.6,59448.3,58932.1
8/28/2024,59192.7,62764.5,59649.3,58932.1
8/29/2024,59076.9,59143.5,59480.7,58923.6
8/30/2024,59254.6,59036.3,59447,59084
8/31/2024,58604.2,59237.3,59058.7,58289.1
9/1/2024,57647,58526.1,57736.6,57185.8
9/2/2024,59131.2,57757.5,59799.7,59046.8
9/3/2024,56734.5,59109.7,57929.8,55732.1
9/4/2024,57118.7,56653.4,58318.9,56956.4
9/5/2024,56680.2,57123.4,56844.8,55996.7
9/6/2024,53836.6,56593.9,54066.6,53754.3
9/7/2024,54179,52865.6,54819.2,53754.3
9/8/2024,55184.9,54340.2,55337.4,54740.2
9/9/2024,56595.3,55119.8,57059.9,56584.5
9/10/2024,56777.6,56777.3,57726.1,56704.8
9/11/2024,58259.2,56926.3,58445.7,57335.5
9/12/2024,57907.8,57946.6,58240.7,57882.8
9/13/2024,60350.7,58053,60609.4,60293.7
9/14/2024,60145.7,60295,60268.2,59994.1
9/15/2024,58562,60160,59204.3,58138.6
9/16/2024,58111.1,58576.1,58342.4,57630.2
9/17/2024,60579.3,58056,60755,59911.2
9/18/2024,62087.1,60513.2,62539.8,61596.5
9/19/2024,63563.7,62116,63563.7,62624.8
9/20/2024,62952.5,63705.7,63285.7,62829.2
9/21/2024,63084.3,62889.9,63441.2,62836.9
9/22/2024,64414.3,63108.5,64723.4,62650
9/23/2024,63130,64350.8,63394.4,62740.8
9/24/2024,64401.6,63125.5,64788.5,64018.9
9/25/2024,63503.9,64456.8,63537.2,62693.3
9/26/2024,65355,63502.3,65355,64839.2
9/27/2024,66069.1,65373.5,66232.5,65732.7
9/28/2024,65756.2,65989,65980.8,65654.8
9/29/2024,64520.2,65817.3,65607,64215.2
9/30/2024,63686.5,64546.9,63734.1,63007.7
10/1/2024,61774.4,63722.2,61877.5,60752.2
10/2/2024,61336.2,61748.2,61371.1,60544
10/3/2024,60970,61463.2,61269.6,60469.3
10/4/2024,61931.3,60950.6,62192.7,61705.7
10/5/2024,61920.9,61861.7,62145.7,61889.5
10/6/2024,63510.8,61886.2,63958.3,62670.2
10/7/2024,62596.4,63529.7,62802,62166.9
10/8/2024,62369.5,62624.1,62479.3,62010.1
10/9/2024,60888.8,62389.1,60947.5,60370.7
10/10/2024,60659.6,60857.1,60698.5,60080.6
10/11/2024,62538,60612.4,63037.9,62486.1
10/12/2024,62707.2,62565.8,63284.6,62680
10/13/2024,64052.6,62703.2,64186.6,62463.7
10/14/2024,65448.3,64277.3,66317.5,65379
10/15/2024,67171.2,65392.1,67557.2,66766.6
10/16/2024,67656.3,67096.7,67933.5,67416.8
10/17/2024,67633.2,67604.5,68201.3,67190.9
10/18/2024,68498.7,67555.8,68688.8,68306.6
10/19/2024,68165.6,68448.7,68444.7,67443.9
10/20/2024,68883.8,68187.5,69490.8,68599.2
10/21/2024,67362.9,68936.7,67684,66609.4
10/22/2024,67342.3,67494,67441.1,67134.3
10/23/2024,67266.7,67074.9,67588,66510.6
10/24/2024,68017.3,67216.5,68266.6,67832.2
10/25/2024,66884.2,67995.5,67007,66443.8
10/26/2024,67032.2,66690.8,67119.5,66924.6
10/27/2024,67706.1,67279.1,68102.9,67673.6
10/28/2024,70943.7,67724.5,71521,69753.2
10/29/2024,72233.8,71181.8,72772.6,72016.4
10/30/2024,72354.7,72339.2,72589.8,72043.8
10/31/2024,69369.8,72551.6,70445.2,68860.5
11/1/2024,69671.2,69557.6,69896.9,69478.7
11/2/2024,68423,69660.6,69383.6,67882.5
11/3/2024,69121,68378.6,69483.4,68257.5
11/4/2024,68346,69038.4,68489.7,67473.6
11/5/2024,74552.9,68335.7,74954.6,69323
11/6/2024,74675.1,74457.1,75995.3,74627.8
11/7/2024,75901.8,74730.5,76359.5,75599
11/8/2024,76369.6,75849.1,76629.3,76147
11/9/2024,76383.3,76371.8,76793.8,75732.5
11/10/2024,81361.7,79079.2,81792.4,80231.8
11/11/2024,88728.2,81468,89436.1,86742.6
11/12/2024,86313.8,88474.4,88533.4,86313.8
11/13/2024,90015.6,87216,90523.2,89375.1
11/14/2024,87221.6,90100.6,88463.7,87118.8
11/15/2024,91239.9,87443.8,91673.9,90863.5
11/16/2024,90469.5,91274.6,90883.9,89387.7
11/17/2024,90532,90384.4,90916.6,89674.2
11/18/2024,91376,90445.6,91805.7,90378.7
11/19/2024,92191.1,91506.8,92419.7,91517.4
11/20/2024,96865.2,92147.2,96904.8,94063.8
11/21/2024,98817,97487.4,99289.3,97868.9
11/22/2024,98429.4,98804.5,98927.2,98341.8
11/23/2024,98096.2,98622.3,98552.6,97644
11/24/2024,97706.5,98188.2,98051.9,96953.4
11/25/2024,94440.2,97814.6,94909.3,92827.3
11/26/2024,92549.2,94300.6,93179.1,91795.5
11/27/2024,95649.2,92538.4,96549,94867.1
11/28/2024,96407.6,95760.2,96825.4,95405.7
11/29/2024,96672.1,96258.8,97461.9,96371.5
11/30/2024,96403.9,96688.1,96667.5,95721.8
12/1/2024,96642,96486.5,98082,96137.3
12/2/2024,95942.4,96728,96228.7,95407.8
12/3/2024,95833.3,95918.8,96606.5,95344.2
12/4/2024,103127,95998.3,103719,97949.1
12/5/2024,97954.1,103316,98795.8,96452
12/6/2024,99566.7,97881,100442,99099.3
12/7/2024,99939.7,100412,100442,98969
12/8/2024,99736,99165.8,100317,99354.5
12/9/2024,96719.3,99417.2,98131.6,95587.8
12/10/2024,97560.2,97024.7,97622.7,95689.5
12/11/2024,100656,97543.2,101828,100345
12/12/2024,100051,100677,100351,99214.2
12/13/2024,101700,100003,102633,101150
12/14/2024,102202,101686,102834,101235
12/15/2024,104508,102358,106569,104296
12/16/2024,106484,104675,106961,105686
12/17/2024,103696,106504,106478,103605
12/18/2024,100811,103889,101269,98909.9
12/19/2024,97414.3,100651,97803.2,95995.2
12/20/2024,97570.7,97300.6,97809.8,97190
12/21/2024,96219.2,97585.2,97422.2,96194.9
12/22/2024,95836.2,96985.3,96487.5,93751.2
12/23/2024,94142.8,96014.2,94855.1,93566.2
12/24/2024,98263.5,94345,98839.7,97722.3
12/25/2024,98395.5,98019.1,99922.5,98324
12/26/2024,96343.7,98958.1,96553.8,95391.1
12/27/2024,94534,96395.4,94669.2,94124.7
12/28/2024,95097,94561.7,95315.4,94811.1
12/29/2024,93468.7,95157.9,94220.2,93360.1
12/30/2024,92408.6,93260.9,92863.2,92036.2
12/31/2024,93631.3,92429.3,94425.3,93470
1/1/2025,95886,93527.3,95962.4,94381.2
1/2/2025,96766,95664.6,97292.9,96647.7
1/3/2025,97948.5,96793.3,98297.5,97808.9
1/4/2025,98383.3,97993.8,98511.7,98048.2
1/5/2025,99318.1,98355.8,99425.4,97932.3
1/6/2025,101787,99469.9,102678,101548
1/7/2025,96207.2,101689,97266.4,96145.8
1/8/2025,94312,96276.6,95323.1,93527.7
1/9/2025,93724,94428.6,93857.3,92474.1
1/10/2025,93910.4,93771,94723.6,93847.8
1/11/2025,94609.7,94061.8,94694.4,94297.1
1/12/2025,94524.3,94583.6,95906.9,93902.2
1/13/2025,94984.1,94552.9,95268.4,94359.5
1/14/2025,97183,95120.1,97702.7,96501.9
1/15/2025,99589.9,97187.2,100812,99301.1
1/16/2025,101217,99604.9,102089,99956.2
1/17/2025,103429,101480,104661,102729
1/18/2025,104860,103581,105416,104014
1/19/2025,102381,104947,102733,99676
1/20/2025,102312,102228,103190,100193
1/21/2025,105559,102316,106266,105366
1/22/2025,102011,105580,103789,101597
1/23/2025,104563,102031,104719,102760
1/24/2025,104861,104657,105256,104390
1/25/2025,105214,104644,105400,104521
1/26/2025,100482,105153,103235,100447
1/27/2025,102979,100400,103362,101356
1/28/2025,102070,102920,102275,101342
1/29/2025,105361,102007,105364,103388
1/30/2025,104197,105498,105001,103959
1/31/2025,102381,104005,102771,102138
2/1/2025,100785,102142,102771,100748
2/2/2025,93027.2,99539.8,97686,91695.8
2/3/2025,100151,92749.8,101693,100151
2/4/2025,98213.4,100069,98890.5,97183.6
2/5/2025,97631.2,98042.5,97824,96510.6
2/6/2025,97467.5,97623.4,97872.2,96424.2
2/7/2025,96402.1,97460.6,96862.8,96237.1
2/8/2025,96623.3,95981.2,96862.8,95716.1
2/9/2025,96852.7,96218.7,97297.8,96369
2/10/2025,98069.6,96938.9,98115.4,97434
2/11/2025,95525.6,98070.9,96259.8,95128.9
2/12/2025,97003.8,95543.2,98079.6,97003.8
2/13/2025,96789,96932.8,97222.4,96399
2/14/2025,97556.3,96753.8,97973.2,97252.5
2/15/2025,97526.4,97665.4,97706.5,97431.6
2/16/2025,96115.5,97532.8,96612.6,96041.2
2/17/2025,95985.7,96035.1,96319.9,95559.7
2/18/2025,95439.1,95638,95930,95057.5
2/19/2025,97194.1,96644.8,97347.7,96441.9
2/20/2025,98206.6,96856.1,98509.9,98096.6
2/21/2025,96376.2,98242.3,96463.8,95801.1
2/22/2025,96437.7,96178.6,96655.2,96383.1
2/23/2025,95343.7,96654.9,96497.9,95118.7
2/24/2025,92095.2,96251.6,92523.1,91014.6
2/25/2025,88825.9,91843,89375.3,88136.2
2/26/2025,85147,88142,85401.8,84085.5
2/27/2025,80505,84737.3,84876.3,79535.1
2/28/2025,86074.4,84290.5,86546.3,83837.3
3/1/2025,85827,84290.5,86546.3,83837.3
3/2/2025,92940.1,85747.2,94266.1,92454.3
3/3/2025,83745.7,92846.7,86756.4,82558.2
3/4/2025,87008,83380.9,87870.1,86429.4
3/5/2025,92242.8,86887.7,92245.1,89994.6
3/6/2025,87609.3,92283.4,90978.9,84864.3
3/7/2025,86485.8,87663.8,86886.8,85264.6
3/8/2025,86027.7,86459,86498.6,85959.8
3/9/2025,82197.8,86124.6,82697,80122.6
3/10/2025,79647.5,82045.6,79813.6,76677.1
3/11/2025,82222.1,79510,83750.2,82146.1
3/12/2025,83632.9,82123,84292,83357.2
3/13/2025,81809.9,83576.2,82241.1,80833.2
3/14/2025,84479,81891.2,84679.5,83974.2
3/15/2025,84295.1,84492.8,84364.6,83753.5
3/16/2025,83665.4,84341.5,83665.4,82565.1
3/17/2025,83746.5,83054.2,84019.1,83722.6
3/18/2025,82962.4,83145.6,83243.7,82557.5
3/19/2025,85863.2,83047.5,87419,85658
3/20/2025,84476,85893.1,84831,84176
3/21/2025,84222.6,84446.9,84329.7,83987.3
3/22/2025,84249.1,84251.2,84275.4,83812.7
3/23/2025,86390.1,84207.5,86609.5,85541.6
3/24/2025,86501.2,86557.9,87680.4,86363.4
3/25/2025,87079.2,86523.6,87877.9,87079.2
3/26/2025,87641.4,87153.8,87751.4,86808
3/27/2025,86798.8,87663.6,87507.5,86764.3
3/28/2025,84234.7,86794.6,84603.4,83727.6
3/29/2025,82450.5,84410.4,84603.4,81668.2
3/30/2025,81573.8,83099.5,82408,81300.1
3/31/2025,83003,81520.7,83238.2,82435.8
4/1/2025,84595.6,82961.3,85249.6,84528.7
4/2/2025,83465.9,84568,83908.9,82193.8
4/3/2025,82806.9,83474.4,83396.3,82621.3
4/4/2025,83724,82803,84249.3,83472.9
4/5/2025,83285.7,83643.5,83731.7,83184.6
4/6/2025,77425.3,83334.7,79315.6,77364.5
4/7/2025,79783,77701.4,80839.8,78860.2
4/8/2025,75210.7,79894.6,76830.7,74657.3
4/9/2025,81683.2,75051.1,82737.5,81482.2
4/10/2025,80775.1,81754,80805.4,79004.2
4/11/2025,83084.1,80812.4,83558.1,82828
4/12/2025,85526.4,82967.7,85999.5,84749.9
4/13/2025,84582.1,85453.8,85521.9,83705.2
4/14/2025,85329.6,84563.9,85401.1,84357.1
4/15/2025,83711.5,85379.3,83949.1,83143.5
4/16/2025,83976.7,83718.1,84475.9,83822.8
4/17/2025,84808.9,83995.3,85106.1,84733.4
4/18/2025,84882.7,84829.8,84971.7,84366.5
4/19/2025,85139.1,84881.2,85321,85048.8
4/20/2025,87237,85167.5,87602.5,85148.8
4/21/2025,88153.5,87166.7,88826.5,87105.2
4/22/2025,93077.5,88157.5,93839.7,92621.1
4/23/2025,92757.8,93171.5,93785.1,92739.1
4/24/2025,93381.3,92689.3,94421,92867.2
4/25/2025,94759.5,93316.2,95207,94562.3
4/26/2025,94183.8,94750.1,95324.4,94081.7
4/27/2025,93829.5,94154.5,93953.8,92818.9
4/28/2025,94767.3,93855.2,95436.8,94461.4
4/29/2025,94976.9,94662.6,94986.2,94154
4/30/2025,94799.5,95009.5,95025,94168.1
5/1/2025,97165.1,94780.9,97232,96481.6
5/2/2025,96398.9,97109,96922.2,96317.9
5/3/2025,96120.2,96889.9,96922.2,96110.4
5/4/2025,94119.1,95737.2,94819.5,93590.8
5/5/2025,94510.3,94062.2,94927.7,94051.5
5/6/2025,94440.5,94772.1,94927.7,94051.5
5/7/2025,98987.3,96510.2,99153.1,96901.9
5/8/2025,102442,99154.5,103271,102366
5/9/2025,103178,102460,103267,102837
5/10/2025,104113,103226,104931,103477
5/11/2025,104075,104031,105032,103711
5/12/2025,101658,104089,102795,101510
5/13/2025,103570,101726,104116,103475
5/14/2025,102884,103586,103867,102781
5/15/2025,104080,102764,104450,103473
5/16/2025,103477,104029,103546,102627
5/17/2025,103263,103514,103412,103114
5/18/2025,103927,103296,107081,103765
5/19/2025,105681,103631,106808,105561
5/20/2025,107030,105767,107198,106211
5/21/2025,111831,106841,111831,109282
5/22/2025,111129,111749,111779,111039
5/23/2025,108121,111121,108335,106905
5/24/2025,108191,108349,108236,107230